0.0	0.000325939221156	-0.000540109325594	0.00247429044401	0.00250203964921
0.1	0.000773371960534	-0.000291473193492	0.00509098011693	0.00503128352481
0.2	0.00117163868652	-0.00102280286145	0.00761614760555	0.00745708605276
0.3	0.00128921231828	-0.000581095148699	0.0101170617329	0.00989739617005
0.4	0.000549105514328	-0.000382571599506	0.0124687256512	0.0126107237235
0.5	0.000610742770937	0.000134644744134	0.0150633740893	0.0151454502388
0.6	0.00122564490683	-0.000428379300339	0.0172839106402	0.0177705401632
0.7	0.000421591018097	-0.000217492194006	0.0196206621502	0.0202256104012
0.8	0.00068657139123	5.08342903992e-06	0.0221510461016	0.0227154748291
0.9	0.00161004354044	-2.7236230123e-05	0.0245417896577	0.0251369911299
1.0	0.00156780306813	0.000245618406113	0.0268876814302	0.0274261472821
1.1	0.00103839325068	0.000377131504665	0.028899440772	0.0296736651383
1.2	0.00166813263117	0.000586483590212	0.0313856973591	0.031719809766
1.3	0.00153487419029	-0.000410830307101	0.0336610469007	0.0342591025196
1.4	0.00145337976643	-0.0012550212381	0.0357089248963	0.0368675130473
1.5	0.000578488667351	-0.000771844821009	0.0377236399879	0.0389221915254
1.6	0.000824445228116	-0.000895253930278	0.0399787301216	0.0414985739718
1.7	0.000663204474086	-0.00124595811131	0.0418572266046	0.0438379894411
1.8	0.000671362266893	-0.00170429796341	0.0439570279046	0.0459171058223
1.9	0.00115112408934	-0.00201072051379	0.0459799546646	0.0477962910923
2.0	0.000850171549162	-0.00173401760995	0.0480681690913	0.0496507556084
2.1	0.000526674414049	-0.00110116679188	0.0500048880328	0.052111081153
2.2	0.00117794026154	-0.000308091651449	0.0522258537871	0.0541517478882
2.3	0.0013171776947	0.000284345219749	0.05442542864	0.0562201398015
2.4	0.00120941139983	0.00134775595719	0.0567031603686	0.0584867625749
2.5	0.000266599839732	0.00112287382743	0.0589976080831	0.0610085988969
2.6	0.000543969109238	0.00137312071154	0.0612114258412	0.0632751609218
2.7	0.000544315151981	0.00116364840723	0.0632399150436	0.0655579702006
2.8	0.000420790256128	0.000992015146857	0.0655139948891	0.0673049008105
2.9	0.000764557026258	0.00144438176129	0.0678324795261	0.06979836506
3.0	0.000700877953108	0.0022322642701	0.0698191480863	0.0721680706804
3.1	0.00121787031867	0.00148271400777	0.0724102730764	0.0740809452827
3.2	0.00146383760979	0.00212347935063	0.0746646971584	0.0757239599225
3.3	0.00118972996776	0.00229573330888	0.0761210030014	0.0777620491849
3.4	0.000541998424977	0.00231520912933	0.0779842119444	0.0796823399021
3.5	-0.0003663888923	0.00291878332923	0.0801502434948	0.0817732228542
3.6	-0.000470659434572	0.00299761487865	0.0824452979413	0.0830748074266
3.7	-0.000509575712311	0.00344248223176	0.084622319848	0.0849071923293
3.8	-0.000886516791596	0.00414631491811	0.0865915496114	0.0865100074207
3.9	-0.000387559052218	0.00363509298067	0.0889110792801	0.0884877154306
4.0	-0.00135099358439	0.00421374098661	0.0911225519232	0.0899793431472
4.1	-0.0016151595967	0.00421515916139	0.0930736743947	0.0915892559139
4.2	-0.00107432698729	0.0041400152339	0.0951299782864	0.0930534395134
4.3	-0.00160559009652	0.00351192623376	0.0969523289042	0.0948745010043
4.4	-0.00207760814371	0.00350600897953	0.0992677251493	0.0965802280286
4.5	-0.00115353557351	0.00366241604301	0.10118065719	0.0984588641929
4.6	-0.000990575723167	0.00352200282292	0.102556311805	0.100804917712
4.7	-0.000811355369295	0.00415185781782	0.104887884131	0.102701898486
4.8	-0.00159569563805	0.00479570336536	0.106654299797	0.104923159178
4.9	-0.000924351898107	0.00443687979593	0.108099405264	0.106583938933
5.0	-0.00120917189849	0.00414287176957	0.109753864827	0.10848700163
5.1	-0.000754276941556	0.00463103228206	0.112187805328	0.109721009405
5.2	-0.00113022366915	0.00471640379158	0.114929040088	0.110962537497
5.3	-0.00131683940059	0.00487027520986	0.116995513712	0.112629736451
5.4	-0.000646222849028	0.00482948997833	0.118826749243	0.114277894612
5.5	-0.00031489237139	0.00489119734084	0.120509447333	0.115500460002
5.6	-0.000424383208746	0.00510179830949	0.122056396544	0.117018359752
5.7	-0.000313312629153	0.00505081655989	0.124163246842	0.118574732226
5.8	-0.000295141734666	0.00489433441988	0.126061915189	0.120831977004
5.9	-8.72847084236e-06	0.00426319602336	0.127524752075	0.122611876423
6.0	-9.20619006005e-05	0.00322844528073	0.129207160234	0.123676210341
6.1	-0.000142648939686	0.00276061122398	0.131439655612	0.12502390372
6.2	-0.000826363853396	0.00302467047784	0.13371808317	0.12729478468
6.3	-0.00124148692262	0.00243736543444	0.135728241319	0.129477212021
6.4	-0.000320169827218	0.00379200304453	0.137400684057	0.130987209984
6.5	-8.6921354842e-05	0.0043201719583	0.139181643923	0.131978833773
6.6	-2.53393486907e-05	0.00549179837822	0.140971004261	0.132950153003
6.7	0.000361344253264	0.00464518972899	0.142409199334	0.134939720054
6.8	0.000301456586254	0.00467932380649	0.144740274683	0.136928692147
6.9	0.000862127385307	0.00462053594578	0.146546063297	0.138859529024
7.0	0.000969755482643	0.00485054779726	0.148598730446	0.140753495434
7.1	0.00119801603291	0.00426232099442	0.149318688233	0.142166530982
7.2	0.00102753961719	0.0043355887343	0.151719536933	0.144012676982
7.3	0.00115840853906	0.00416794899273	0.154106914808	0.144621825224
7.4	0.00212780285209	0.0037339050882	0.155094362274	0.14673794814
7.5	0.00112079525453	0.00371159285188	0.156903029109	0.148546433097
7.6	0.00131416511229	0.00360954244092	0.159018035081	0.150531452348
7.7	0.00133675582428	0.00385039803069	0.160397308859	0.152055393685
7.8	0.00111519957259	0.00420910951816	0.161284016117	0.153610284375
7.9	0.00156783326802	0.00436622558646	0.162844540131	0.154849126817
8.0	0.00185750468934	0.0043798804971	0.163956193831	0.156099907277
8.1	0.00116457180118	0.0044545545522	0.165885946562	0.157863764647
8.2	0.00117431378934	0.00539394967031	0.167568078059	0.158593254197
8.3	0.00182380675481	0.00548408926931	0.169523456639	0.159599571837
8.4	0.00206120135507	0.00560212395941	0.171365898687	0.161144206328
8.5	0.00281314986802	0.00595644065424	0.17316178605	0.162756630103
8.6	0.00284064029372	0.00543059943405	0.175587429926	0.163865068425
8.7	0.00178545400907	0.00538049175156	0.17729573019	0.164938768628
8.8	0.00184829365045	0.00440790034015	0.178610170397	0.166090587503
8.9	0.001514870016	0.00400770506301	0.179526442505	0.167229659593
9.0	0.0022274214234	0.00402657851644	0.180929063493	0.16855041108
9.1	0.00162176578004	0.00489708129114	0.182553729432	0.170033035993
9.2	0.00114479520407	0.00451272575935	0.184202536531	0.171995442107
9.3	0.00128094791061	0.00500184313735	0.186135244381	0.173533909334
9.4	0.0015487444902	0.00459803449593	0.187560656025	0.176078333325
9.5	0.00187166286842	0.00500969871384	0.189014057509	0.177635741168
9.6	0.00199985303839	0.00509726064235	0.190250343655	0.178900763602
9.7	0.0025127847207	0.00449042081808	0.191489234713	0.18051446803
9.8	0.00266208894746	0.00416409542595	0.192630817636	0.181843809837
9.9	0.00248048585856	0.00516143105773	0.194026681981	0.182951299443
10.0	0.00285203283669	0.00493288045986	0.195199569049	0.184669752343
10.1	0.00173211510864	0.00467513497959	0.196875877044	0.186357940454
10.2	0.00174722242816	0.00468764097368	0.19868872698	0.187000935864
10.3	0.00263800047515	0.00472728527112	0.200659468813	0.188120011638
10.4	0.00207952082719	0.00465783608377	0.201991904987	0.189262733906
10.5	0.001820903762	0.00509030694143	0.203253015835	0.190774580265
10.6	0.00187407327891	0.00562257552052	0.205196501226	0.191466985535
10.7	0.00178496851968	0.00589787974072	0.207159962301	0.19290383122
10.8	0.0017078722374	0.00616167480309	0.20733572874	0.195154164687
10.9	0.00152543118241	0.00719134910871	0.209550410719	0.19699748689
11.0	0.00146978806543	0.00669054137231	0.211711263132	0.198715671547
11.1	0.00188973903997	0.00665816224606	0.213400804057	0.200514720167
11.2	0.00233416354216	0.00689899287625	0.215371028423	0.202148620171
11.3	0.00285346845892	0.00631712395462	0.217278984894	0.202986110101
11.4	0.00298332846998	0.00590161709745	0.218160660822	0.204767495463
11.5	0.0034860531573	0.00632305558404	0.219417055347	0.205775654417
11.6	0.00403657952142	0.00669728037659	0.220393214204	0.20673416157
11.7	0.00350381802542	0.00669812918833	0.221643655966	0.207852447586
11.8	0.0041756511102	0.00752820006231	0.222892196616	0.209311368344
11.9	0.00482944498099	0.00750324946495	0.224413619855	0.2112708773
12.0	0.00522341085205	0.00778349164757	0.226197783133	0.212544695825
12.1	0.00520500025639	0.00754459664639	0.226771235229	0.213401389336
12.2	0.00466002372193	0.00708899350181	0.227122870702	0.215054796866
12.3	0.00442402452177	0.00694699988252	0.228757241872	0.216249297278
12.4	0.00412414965614	0.00683042950778	0.229413905946	0.217661725636
12.5	0.00311610283149	0.00720057658368	0.230856647726	0.219080730763
12.6	0.00204314786038	0.00726262538796	0.231761128447	0.220826279316
12.7	0.00323182040115	0.00667985293253	0.233079307486	0.221488979966
12.8	0.0033707725289	0.00661347668536	0.233506271602	0.221979381699
12.9	0.00325700739226	0.00760222702575	0.234716788734	0.222777594423
13.0	0.0029309336246	0.00825593371922	0.235863575052	0.224016744026
13.1	0.00227871743096	0.00829275303981	0.237356311584	0.225076128365
13.2	0.00200035952715	0.00803727282427	0.238847900752	0.226418330105
13.3	0.00236041230779	0.00821675063547	0.240282395015	0.228102124894
13.4	0.00160297449172	0.00775728971131	0.24111771894	0.229701179697
13.5	0.00243394341623	0.00697035985865	0.242986085125	0.230960842478
13.6	0.00284884917572	0.00606790774242	0.244462568664	0.231722415298
13.7	0.00312495036585	0.00557768325942	0.246174613325	0.23276236873
13.8	0.00339229321366	0.00530438864912	0.247769229076	0.233569828604
13.9	0.00407420242386	0.00555042372048	0.248736147486	0.233870060047
14.0	0.00469746694564	0.00550144138986	0.249468044055	0.234521910334
14.1	0.00482325216202	0.0047561086638	0.250596585854	0.234864848178
14.2	0.00402703157087	0.00541193124761	0.251720819729	0.236059528791
14.3	0.0042244607211	0.00577916150978	0.252811435062	0.238234274659
14.4	0.00413897539944	0.00507809656242	0.25368076398	0.239464654944
14.5	0.00439217700593	0.00449873322934	0.25443187251	0.241113407191
14.6	0.00491942057582	0.0047288530284	0.255819083834	0.241189950358
14.7	0.00555605752367	0.0056179710944	0.257225025729	0.242275625793
14.8	0.00633705395692	0.00549839322817	0.258430333144	0.242289937082
14.9	0.0069000854063	0.00547591266771	0.259848905587	0.243847110146
15.0	0.00679721700887	0.00554331493011	0.260958426368	0.245342486047
15.1	0.00623236775894	0.00586558355371	0.262569117843	0.245662184926
15.2	0.006796268539	0.00557869422726	0.263879818349	0.246624175198
15.3	0.00677822632574	0.00617311024588	0.264969695747	0.247295943889
15.4	0.00734638687694	0.00696443202071	0.266142547225	0.248887099583
15.5	0.00707885342518	0.00676883598542	0.266866738542	0.250013310979
15.6	0.00662032859649	0.00729246301508	0.268571497523	0.250184868454
15.7	0.00621724654583	0.00756329887617	0.270483035258	0.250869918455
15.8	0.00617328094677	0.007591022935	0.272402026763	0.251781887504
15.9	0.00551885042868	0.00764275050627	0.273936976696	0.2525775521
16.0	0.00635964995768	0.00730921231317	0.273985373962	0.253131823408
16.1	0.00611460132589	0.00727397593346	0.275162268984	0.254895892435
16.2	0.00576367524931	0.00704992667228	0.275825087236	0.255919749102
16.3	0.00473958336408	0.00737873332846	0.277230548824	0.25670728962
16.4	0.00445356825266	0.00644572051726	0.279598767806	0.257508109434
16.5	0.00465626081293	0.0064288977005	0.28003458437	0.258857330837
16.6	0.00430834981997	0.00652216710808	0.282064618518	0.259646821381
16.7	0.00426133153774	0.00621043884896	0.282421333514	0.259896057711
16.8	0.00474913531805	0.00684853990612	0.283410557159	0.261071607851
16.9	0.00480788733198	0.00710609557838	0.284015359189	0.262281032592
17.0	0.00499603655964	0.00712182361107	0.28496368063	0.262378470274
17.1	0.00551151332223	0.00706677302173	0.286671757412	0.263472511182
17.2	0.00554717186112	0.0065398279472	0.287571312437	0.264282510116
17.3	0.00564920015953	0.00694925002861	0.288962523133	0.265663072929
17.4	0.0060581894428	0.00760638031994	0.289308177853	0.266633209351
17.5	0.00619220364137	0.00693792311485	0.288869279741	0.267985239413
17.6	0.00606770487176	0.00576882104763	0.289399222457	0.269018997267
17.7	0.00581100991959	0.00514566293844	0.289424079454	0.269227244699
17.8	0.00570204069643	0.00550299428418	0.290330323457	0.270169452459
17.9	0.00590832156277	0.00546505037869	0.29081214374	0.272795840812
18.0	0.00581859744445	0.00511257038893	0.292191484492	0.273719211902
18.1	0.00532629804572	0.00511782533397	0.292697317037	0.274989564341
18.2	0.00462696369625	0.00486330364294	0.29421311797	0.275186603851
18.3	0.00457280330731	0.0046165733656	0.295380272945	0.276898544524
18.4	0.00421483489749	0.00522758335452	0.296532596124	0.276964582654
18.5	0.00388836593656	0.00473572428294	0.297466603735	0.276523376163
18.6	0.00348372546908	0.00513899010698	0.299496371646	0.277607422378
18.7	0.00411046541502	0.00485363278985	0.300140478292	0.278154472875
18.8	0.00459312719776	0.00489854548098	0.301257119252	0.278763132225
18.9	0.00540758580153	0.00581061762177	0.30164608708	0.278414827469
19.0	0.00503570697238	0.00477214552742	0.302371954963	0.278434737322
19.1	0.00544771766675	0.00500199538316	0.302786815877	0.279496648131
19.2	0.00507876473224	0.00521963339506	0.304135987537	0.280731148425
19.3	0.00548416433519	0.00492682004531	0.3038794784	0.280724485838
19.4	0.00544520145268	0.00569050976815	0.30542785094	0.281113740748
19.5	0.00560473821903	0.00541174188858	0.306743297732	0.281872118131
19.6	0.00550843488548	0.00475508907351	0.307457534551	0.282298689844
19.7	0.00499319299899	0.00382363483353	0.30908005077	0.283007055397
19.8	0.00527543543271	0.00365067118036	0.309839516232	0.28352104925
19.9	0.00534775936939	0.00421804302754	0.310479961949	0.284465974553
20.0	0.00548878417644	0.00416739042545	0.311740032359	0.28481076743
20.1	0.0055386365344	0.00466362928368	0.3121251855	0.285346191406
20.2	0.00614730871923	0.00454696769708	0.313768554515	0.285945680769
20.3	0.00645991105774	0.00521159086965	0.31509379337	0.286645352717
20.4	0.00632687987241	0.00508251090022	0.316251607908	0.287582143465
20.5	0.00633159177986	0.00502792660433	0.317911112835	0.289177326786
20.6	0.00601322929613	0.00458313470464	0.317603965787	0.289135194118
20.7	0.00509494782632	0.00470327224528	0.318328278263	0.289425876282
20.8	0.00500036049111	0.00526331460651	0.318271675059	0.29024056917
20.9	0.00428839909917	0.00417151780383	0.31884653755	0.290598298334
21.0	0.0035618480442	0.00422760763562	0.319915250646	0.291441362985
21.1	0.00383181245302	0.00449321521318	0.32074606903	0.29254205737
21.2	0.00318359380041	0.00401596733095	0.320923620258	0.293192963833
21.3	0.00336279141796	0.00368634862157	0.322370174656	0.293880377245
21.4	0.00274773040144	0.00334494601857	0.324024891332	0.293918065793
21.5	0.00254285434822	0.00342708950633	0.32466081737	0.29400315096
21.6	0.00231347285821	0.00242868199871	0.326410347723	0.293644368748
21.7	0.00271177125387	0.00196293749206	0.32686187537	0.293892325698
21.8	0.00183308265621	0.000796370750372	0.328060508311	0.294251421944
21.9	0.00193704242403	0.000945191598268	0.328752246734	0.295983167668
22.0	0.00162234919441	0.000883705953803	0.329509379754	0.297264285786
22.1	0.00142545390901	0.000912334027029	0.330200208638	0.297861228253
22.2	0.000991606259333	-6.18955498629e-05	0.331505150835	0.29761182968
22.3	0.00134557923229	0.000406592125618	0.333196857775	0.298077406222
22.4	0.00101676514197	0.000349241828007	0.33363624486	0.298600941943
22.5	0.00114431949921	0.000367942753428	0.334611248467	0.299112890271
22.6	0.00114422517203	-0.000246824360186	0.335435068141	0.29968835636
22.7	0.00178575962177	-5.95714481126e-05	0.335595255492	0.300676408249
22.8	0.00107809241142	0.000939432295933	0.336630833883	0.301578156407
22.9	0.000967004910683	0.00112019241712	0.337824045848	0.302165805472
23.0	0.00162310500328	0.00105343397416	0.33925415017	0.302536519452
23.1	0.00213033708704	0.00118326070085	0.339361193028	0.303200241931
23.2	0.00238115339677	0.0010510933038	0.339999486704	0.302741030477
23.3	0.00296637625534	0.000716119026334	0.34148470476	0.303041852497
23.4	0.00355309622727	0.00121832669277	0.34258111906	0.302780808698
23.5	0.00380556017344	0.00155012483872	0.3429734722	0.302787801257
23.6	0.00292403465287	0.00130341858653	0.343776741742	0.302858595619
23.7	0.00292725174212	0.00191951941441	0.344578804175	0.303154479337
23.8	0.00348421516205	0.0025555708149	0.345355268476	0.303825022577
23.9	0.0035350645628	0.00308222043202	0.346404705399	0.304319556533
24.0	0.00364978375412	0.00231153088752	0.346385592849	0.305702284092
24.1	0.00374004465923	0.00192772957684	0.346698442734	0.306418125827
24.2	0.00397800190131	0.00194604236255	0.347060553806	0.306766189193
24.3	0.00428498527957	0.0019164433194	0.347838975997	0.306987069673
24.4	0.00472350499479	0.00168963455532	0.349105307038	0.307798151901
24.5	0.00442914837411	0.00235659908099	0.34963070322	0.308358998452
24.6	0.0050863056528	0.0025117326475	0.351253953009	0.308963710433
24.7	0.0054150728257	0.00295551113151	0.351941757437	0.309716685327
24.8	0.00480463373389	0.00207708226094	0.351929530767	0.310520491292
24.9	0.00514194558828	0.0011236293032	0.352218398051	0.311719161136
25.0	0.00492813095039	0.000993235013661	0.352422208604	0.312073172015
25.1	0.00483093677884	0.000607632279958	0.353862399964	0.312742532312
25.2	0.00485983007988	0.000643094120227	0.354083026917	0.312689295287
25.3	0.0034361373604	0.000265563289306	0.35521699719	0.312702853417
25.4	0.00355407872171	0.000297336609523	0.354989669347	0.31341679776
25.5	0.00350216638806	0.000517129902631	0.354749476447	0.314822092699
25.6	0.00361656273161	-1.06895523752e-05	0.35517232432	0.314110181775
25.7	0.00348974937809	-2.7041884675e-05	0.356446404712	0.313561528107
25.8	0.00421758182977	-0.000230430293099	0.356029760559	0.313912685669
25.9	0.00270414287203	0.000146370628068	0.356952138208	0.314060186738
26.0	0.00270549449385	0.000860973804332	0.358019857664	0.314342685869
26.1	0.00332671369401	0.00014600190197	0.359372878862	0.314390770046
26.2	0.00312797442055	0.000362266126538	0.359537045535	0.314562741853
26.3	0.00274443724313	0.00053241140234	0.360219789765	0.315181229757
26.4	0.00247406669785	0.000177937573726	0.361227255614	0.315654154694
26.5	0.00301666276	-0.000500986427539	0.363174734579	0.31573042351
26.6	0.00336617593384	-0.000166272766472	0.36476739383	0.316436762986
26.7	0.00244769183137	0.000135625995086	0.364690043386	0.317257264907
26.8	0.00237955786628	-0.000242582007567	0.365300951752	0.316689074663
26.9	0.00317117918701	-0.000559738894187	0.36648861563	0.317265946735
27.0	0.00303357241309	-0.000197611960917	0.366157860483	0.31850316467
27.1	0.00307288664265	0.000627163678374	0.367381928209	0.319243720528
27.2	0.00305580285622	0.0010600608157	0.368087160217	0.32015192152
27.3	0.00276967241008	0.00127211175279	0.368653957012	0.321341874602
27.4	0.00275562229654	0.00181616598115	0.3698585106	0.321994368822
27.5	0.00313738566341	0.00176483747657	0.371074399329	0.32146725981
27.6	0.00338813786163	0.00233843198028	0.372430787072	0.322652654327
27.7	0.00189177930606	0.00117887571338	0.372894998059	0.322208788958
27.8	0.00265094764964	0.000756844453953	0.373661653018	0.32202322117
27.9	0.00172727575324	0.000717083924305	0.375023098152	0.322533803751
28.0	0.0013364473567	0.00134038201251	0.376454908586	0.323909087295
28.1	0.00192903514767	0.0011065636814	0.376913970009	0.324084396139
28.2	0.00250049968984	0.00099151700873	0.377107245349	0.324199963942
28.3	0.00247060025398	0.00190584692173	0.377758649384	0.323836388611
28.4	0.00298000357383	0.00169421394476	0.379476557398	0.323334734735
28.5	0.0026823862998	0.00174697320549	0.379944326424	0.32318423436
28.6	0.00282422549974	0.00138810463146	0.378759146732	0.323650976655
28.7	0.00229604372465	0.00160431076069	0.379718036933	0.324912632927
28.8	0.00212790766362	0.00110400254985	0.380066150271	0.324773739739
28.9	0.00207122819034	0.00110885156447	0.381711324457	0.325701621804
29.0	0.00158793774723	0.000688135756006	0.381615586991	0.324396299656
29.1	0.00134695747339	0.000857584482953	0.381472872541	0.32472245791
29.2	0.00136164929214	0.00112939426478	0.382207114262	0.324480954348
29.3	0.00153389166091	0.00131367391792	0.382186310374	0.323889229121
29.4	0.00194456701502	0.00144000832781	0.382259494484	0.32407852478
29.5	0.00246419208266	0.00137170131213	0.38232969903	0.324992147553
29.6	0.00229212396531	0.00208523192166	0.384067150467	0.325929199419
29.7	0.0027370147752	0.00261287090124	0.383671991247	0.325483642854
29.8	0.00273892030603	0.00199179651148	0.38320242354	0.326135145734
29.9	0.0031243522808	0.00163220615351	0.384095203021	0.326606618295
30.0	0.00364295535505	0.00105588185277	0.384287657789	0.326854978997
30.1	0.00461349413937	0.000337851779964	0.384228510777	0.327863250588
30.2	0.00483084518388	-7.22319365004e-05	0.383682782338	0.328289923188
30.3	0.00490047468251	-6.92111819195e-05	0.383990625886	0.328766627798
30.4	0.00418589651557	0.00106007355542	0.384888554384	0.32928428954
30.5	0.00382339386265	0.001148659441	0.385721264608	0.32963520216
30.6	0.00442106178351	-6.18368484137e-05	0.386064810741	0.329431416216
30.7	0.00491034974845	-9.39294163265e-05	0.386768493535	0.329770893476
30.8	0.00487834337308	-0.000619712236215	0.386864250072	0.330947180421
30.9	0.00509184348719	-0.000592912357369	0.386687025579	0.331256425271
31.0	0.00579423179891	-0.00182209278177	0.386561214999	0.331804881107
31.1	0.00543112983257	-0.00194207054371	0.386678337954	0.332570920676
31.2	0.00566350912402	-0.00206166364121	0.387279093773	0.3338663059
31.3	0.00554549863993	-0.00132099543516	0.387840974636	0.334092626005
31.4	0.0057959338314	-0.00152898509711	0.388046699736	0.334410034289
31.5	0.00530754834377	-0.00186401744837	0.388015020735	0.333887777904
31.6	0.00450005293611	-0.00202111262447	0.388947783296	0.334301914494
31.7	0.00432014890623	-0.00153047228843	0.389684207751	0.334984042125
31.8	0.00340206798456	-0.00164311233865	0.390203667721	0.333763935001
31.9	0.0032146215078	-0.0013154502592	0.391282563633	0.333859222253
32.0	0.00352955396804	-0.00157415855589	0.39048727035	0.334305202505
32.1	0.00353652335345	-0.00105023552887	0.390418783641	0.335090776668
32.2	0.00456925505341	-0.000978072662529	0.390015834196	0.335043279701
32.3	0.00607922503664	-0.00100211700714	0.389812616628	0.336837548106
32.4	0.00629272060444	-0.00058779876671	0.390959680838	0.337651632364
32.5	0.0058582488876	-0.000472615490398	0.390766858608	0.337579106232
32.6	0.00539879159402	-0.00068365764343	0.391795087612	0.338084674853
32.7	0.00545819578359	-0.000584302557933	0.393144042076	0.339035692284
32.8	0.00529066176655	-0.00116770413469	0.393413201722	0.339802891923
32.9	0.00439843688536	-0.000516582738357	0.394239936855	0.34025493213
33.0	0.00403447189023	-0.00032151860845	0.394404372798	0.340510352654
33.1	0.00388625877679	-0.000766933082485	0.395056770232	0.339935850422
33.2	0.00371312414416	-0.00107249439879	0.395426523497	0.339059176211
33.3	0.00333604559232	-0.00149049395817	0.396320638125	0.338823843347
33.4	0.00305470489625	-0.00153886104781	0.396059445205	0.339657764981
33.5	0.00334173410485	-0.00153440659023	0.396519042644	0.33977619381
33.6	0.00411905436176	-0.000880781014191	0.396213468149	0.340485632357
33.7	0.00378220314165	-0.00139372598698	0.396841642511	0.341336425697
33.8	0.00300258142928	-0.00157415320405	0.396880760982	0.341771499172
33.9	0.00273388423729	-0.00176168421798	0.398477777014	0.342003374528
34.0	0.00269495384824	-0.00167779219419	0.399085097629	0.341937810792
34.1	0.00217483672049	-0.00157184301054	0.399002708637	0.342567117013
34.2	0.00322339401554	-0.0018258354485	0.399855349274	0.342575282712
34.3	0.00369986936524	-0.00135945506507	0.401019288519	0.342084066595
34.4	0.00438937488757	-0.000401388303362	0.401549503739	0.342181277649
34.5	0.00414649831698	8.11127430015e-05	0.402015221092	0.342764337331
34.6	0.00385942203461	0.000737452739082	0.402004157432	0.343623298783
34.7	0.00311099439437	0.000669401176071	0.402715496114	0.3445078494
34.8	0.00302094553397	0.000535696137482	0.402740995431	0.345845333717
34.9	0.00273088511145	0.000552227237593	0.404281556806	0.346415960112
35.0	0.00323179103297	0.000601292485993	0.404755901807	0.34576027214
35.1	0.00346109376454	0.00189928003979	0.405080166098	0.345826245458
35.2	0.00384809327371	0.00131085478705	0.406143786884	0.346690978877
35.3	0.00427933891506	0.000760454297474	0.407363389373	0.34693335589
35.4	0.00423694277878	0.0010046750971	0.406328348728	0.346831576841
35.5	0.00377678661406	0.000170208453566	0.40720176626	0.346000883649
35.6	0.00469791775694	-0.000252581540716	0.408639561547	0.345627208838
35.7	0.00460053953379	-0.000431112289944	0.408433546682	0.345736938516
35.8	0.00410366815774	-0.00102015253161	0.407282791781	0.345976378982
35.9	0.0050653646222	-0.000400273645795	0.407771494481	0.346951261991
36.0	0.00460951863458	-2.49460131009e-06	0.408419281223	0.347301098626
36.1	0.00492939302757	0.000631359907372	0.408950077793	0.34680930964
36.2	0.00478491539904	0.000770222283868	0.40902930703	0.346316506138
36.3	0.00396543852298	0.000667214801113	0.408777740173	0.34683731598
36.4	0.00378203132004	-2.90292646082e-05	0.409554384381	0.346683626111
36.5	0.00399963154973	-0.00120849787277	0.409819568036	0.346880220722
36.6	0.00376671041294	-0.00109295004129	0.409717337194	0.345891304431
36.7	0.00336953756067	-0.000697546631929	0.410024663712	0.347009143279
36.8	0.00253420472507	-0.000832471382725	0.409881050312	0.346939642005
36.9	0.00217778538045	-0.000259437791065	0.410407929332	0.346105720376
37.0	0.00253025539073	-0.000932236532778	0.410764679801	0.346296218186
37.1	0.00314294234757	-0.00125863774124	0.410783644312	0.346014367631
37.2	0.00288648163893	-0.00207866705471	0.411272198959	0.345064729523
37.3	0.00319619539587	-0.00185305802354	0.411874014601	0.344966843248
37.4	0.00351922583576	-0.00128270516583	0.412379096306	0.345181754259
37.5	0.00302964834153	-0.00174730925414	0.412578650097	0.345635775993
37.6	0.00261125975532	-0.00158641570586	0.41394741427	0.345801765877
37.7	0.00331443346247	-0.00192954819698	0.414690982228	0.346592907023
37.8	0.00341273919934	-0.00259760474487	0.414642776963	0.347798982561
37.9	0.00309855870514	-0.0044182915979	0.415022985129	0.347651473422
38.0	0.0034296075743	-0.00413924957091	0.414188008253	0.347786098666
38.1	0.00347996054361	-0.00511752939027	0.414666746871	0.348135667848
38.2	0.00390079435733	-0.00414058593076	0.414920538998	0.348451639674
38.3	0.00390738048117	-0.00383431703989	0.415991659333	0.349678631244
38.4	0.0040036488669	-0.00379337565749	0.416354389643	0.350176523476
38.5	0.00320629411779	-0.00371124381776	0.418366748443	0.350339113092
38.6	0.00410242463083	-0.00349931242502	0.41753727824	0.350296313372
38.7	0.00455864380194	-0.00417612116124	0.418089823785	0.350291642203
38.8	0.00536855917733	-0.00406839475444	0.418022358923	0.349799821378
38.9	0.00633732815002	-0.00423775666048	0.418199520901	0.349614552902
39.0	0.00555948028229	-0.00438472548372	0.417819503902	0.34972959654
39.1	0.00532323163844	-0.00323628034878	0.418992006825	0.349209064232
39.2	0.00508394682961	-0.00317120405924	0.419928524835	0.349321258323
39.3	0.00515289141657	-0.00199178751271	0.421251161604	0.349075118835
39.4	0.00470902851735	-0.0019982841892	0.420629844025	0.349349787171
39.5	0.00463844232276	-0.00124123725481	0.421249372719	0.350501279121
39.6	0.00363035993403	-0.00106547734323	0.420797655564	0.349826276459
39.7	0.00353045962719	-0.00140691216698	0.421016447237	0.350476851119
39.8	0.00345268915742	-0.00103348986903	0.420799196797	0.350464108045
39.9	0.00248660073813	-0.000524884734097	0.421793358639	0.350512363376
40.0	0.00261019967313	-0.000330133736873	0.421707934076	0.351288585001
40.1	0.00229445305148	-0.000570460185019	0.422567839028	0.35177942222
40.2	0.0020270762601	-0.00014553637987	0.422856156242	0.350513145594
40.3	0.00225295084682	0.000144257986842	0.423060995688	0.351356936739
40.4	0.00203963907117	0.000752900490082	0.422566539017	0.351643721233
40.5	0.000963659962161	0.00117538060978	0.42259640314	0.351445503813
40.6	0.00132389915806	0.00103237917263	0.422944383992	0.35171472809
40.7	0.000623304873311	0.0021313886168	0.42276225293	0.352138522239
40.8	3.07481386152e-05	0.00190754798202	0.423109448534	0.352268324313
40.9	0.000265782190726	0.00113207598832	0.422204905675	0.352003030417
41.0	3.84719054235e-05	0.001460508969	0.422330201417	0.353765269958
41.1	-0.000750895793046	0.00171599721553	0.421488764781	0.35455603433
41.2	-0.000442250287034	0.00202215498597	0.421781079395	0.354604771223
41.3	0.000219758187201	0.00233645643691	0.422704831682	0.355232537092
41.4	-0.00049887575211	0.00256294734744	0.422430296972	0.355876967158
41.5	-9.64337819038e-05	0.00280312282834	0.420973168418	0.355027820087
41.6	0.000304974594363	0.0021432362856	0.421005839599	0.354871649047
41.7	0.00022739740858	0.00150957894601	0.420639865148	0.35471537096
41.8	0.00025288754365	0.00199445910342	0.420797759444	0.354087359334
41.9	0.000776080320196	0.00207255383344	0.422163343072	0.354468365258
42.0	0.00100487256625	0.00258371853096	0.422473481574	0.354707171247
42.1	0.000127407584302	0.00234430990335	0.422845600191	0.354980739598
42.2	8.65299530004e-05	0.00184443956338	0.423798882118	0.354308769889
42.3	0.000396131569984	0.00138928693304	0.426153748382	0.35439433075
42.4	-0.000380518608061	0.00179826486319	0.425666616743	0.353785468857
42.5	-0.00114096510021	0.00220070728504	0.425735046463	0.353682267714
42.6	-8.60778861193e-05	0.00173497520847	0.426333694269	0.35395078493
42.7	0.000548284592716	0.00184655276682	0.425787161076	0.354591663893
42.8	0.000107165853763	0.00151171942329	0.426082997103	0.353982687246
42.9	0.000842217306149	0.00113091080135	0.42730643012	0.354342033931
43.0	0.00157245000589	0.00112093898918	0.426751821717	0.35468137063
43.1	0.00225705263397	0.000845696933527	0.428249268433	0.355364680714
43.2	0.00186689224622	0.000778653815821	0.428920611318	0.356030557775
43.3	0.00190145278503	0.00189763983806	0.429894090771	0.355743058516
43.4	0.00216015881413	0.00211782697103	0.429586310445	0.356571097625
43.5	0.00208586535325	0.0014053096564	0.430094347893	0.357135177038
43.6	0.00212059428472	0.00148340271976	0.430942792095	0.359039642392
43.7	0.00251445022818	0.00190652001507	0.430567461536	0.359449543255
43.8	0.00299729728665	0.00133766816766	0.430264135867	0.359114670902
43.9	0.00369385219841	0.000583158461242	0.429727758433	0.35963542769
44.0	0.00360845714399	0.000407413720675	0.430316944667	0.359398333499
44.1	0.00337252972717	0.000406393641378	0.430089721045	0.359595352376
44.2	0.00324151463035	0.000770681485328	0.430134081923	0.359012235448
44.3	0.00324391278758	0.00192157482657	0.430678840715	0.359118763096
44.4	0.00363718398289	0.00145269602812	0.431023547087	0.358576470774
44.5	0.00390360074855	0.00148222663597	0.430311153152	0.358684079315
44.6	0.00367123675236	0.00239609403217	0.430142487149	0.359686839447
44.7	0.00356571972636	0.00214029154778	0.430114380813	0.360380877703
44.8	0.00430896386567	0.00310173691967	0.429436990596	0.361907860337
44.9	0.00433158724432	0.00296445531816	0.429748066216	0.361543277889
45.0	0.00369372315609	0.00307564781227	0.43005445906	0.361048785563
45.1	0.00384569680228	0.00255938278742	0.430188930477	0.362170056461
45.2	0.00366270854697	0.00148808653275	0.430642930362	0.361457142649
45.3	0.00301760309723	0.00112566346949	0.430503890818	0.36156020431
45.4	0.00270243904819	0.00128236763246	0.430391365583	0.360424596122
45.5	0.00244842532046	0.00164959699348	0.430213637154	0.360342449474
45.6	0.00358873259755	0.00134069863787	0.430940165878	0.361138998503
45.7	0.00348052035575	0.000886953369474	0.430371663213	0.360346746101
45.8	0.00271588243906	0.000484060326248	0.429315254579	0.361823015293
45.9	0.00291130392079	0.000403269689769	0.42922687191	0.362222474273
46.0	0.00263382017708	0.000986397887506	0.430213631982	0.362469017236
46.1	0.00281014020357	0.00122706097697	0.429872084022	0.36224159908
46.2	0.00207908372472	0.00172921929408	0.430626623732	0.362249348485
46.3	0.0025435624518	0.00143418694446	0.430415038764	0.362202855793
46.4	0.00253272430906	0.00233195495325	0.430944675558	0.360954502414
46.5	0.00237953635665	0.00246212851753	0.431411079364	0.359782342283
46.6	0.00241398286879	0.00265834826889	0.431127584408	0.359855108471
46.7	0.00232935006912	0.00227094771258	0.431333573472	0.360056815201
46.8	0.0025841460318	0.00141712816691	0.432566135577	0.360365302096
46.9	0.00337815887939	0.000634137412779	0.433141923265	0.360533602763
47.0	0.00427011040329	0.000855330819414	0.434132434155	0.359842092533
47.1	0.00414328471239	0.00112723746979	0.433894001966	0.360845025373
47.2	0.0049063772385	0.0010578152033	0.43475101105	0.361455413064
47.3	0.0053468446852	0.000769849484653	0.435012938519	0.361356510184
47.4	0.00448728706089	0.00166570024977	0.434417123003	0.361009382338
47.5	0.00498524206693	0.00188534189902	0.434415161067	0.361411874176
47.6	0.00518260985051	0.00120693019153	0.435741519108	0.361333663742
47.7	0.00492763241946	0.0013094155846	0.435366286652	0.361184427024
47.8	0.00538741613239	0.000935883951495	0.434400947101	0.361731669883
47.9	0.00504135184043	0.000471170847989	0.435108382672	0.361555857102
48.0	0.00505968048867	-0.000844939300978	0.436348872153	0.36099781291
48.1	0.00425961848801	7.26863489902e-06	0.437282168369	0.361275667013
48.2	0.00456191751429	-0.000838830961395	0.438444691115	0.361554146437
48.3	0.00488627635208	-0.00139729307283	0.439193219009	0.360815342993
48.4	0.00529488665645	-0.00132969130538	0.438798727329	0.361211038962
48.5	0.00539140634169	-0.00181190653955	0.439034163911	0.361842108818
48.6	0.00491547476288	-0.00112545954193	0.43885780842	0.361857425409
48.7	0.00559173063229	-0.000992554779312	0.438601129416	0.362225929614
48.8	0.00494026693068	-0.00103804339505	0.439623086012	0.362270819362
48.9	0.00492193076335	-0.00123458858668	0.439755748937	0.362870836336
49.0	0.00526423673797	-0.00194204326214	0.439706447487	0.361930923273
49.1	0.00561661197314	-0.00271700458996	0.440148883606	0.361722477035
49.2	0.00621094677576	-0.00285333398015	0.439655341859	0.362316487849
49.3	0.00684552911109	-0.00283593464617	0.439832297114	0.362865321093
49.4	0.00684708275302	-0.00259142355913	0.439661297641	0.363127906448
49.5	0.00746954992877	-0.00309335254115	0.43939826875	0.362372018886
49.6	0.00714001073831	-0.00301790452435	0.438977039898	0.362187673753
49.7	0.00604942909353	-0.0035544252568	0.439016113622	0.361773442684
49.8	0.00629266504019	-0.00399593388356	0.438769053095	0.36261299449
49.9	0.00670271574517	-0.00401455140353	0.43868820206	0.362476641819
50.0	0.0059350093617	-0.00447284083265	0.439269976917	0.362008769036
50.1	0.00606350971893	-0.00471044702693	0.439094256102	0.362121999943
50.2	0.00590060421922	-0.00516804406262	0.439055109201	0.362473162322
50.3	0.00620360587645	-0.00507337535293	0.439166026663	0.362916214543
50.4	0.006371209195	-0.00471296864144	0.439088834545	0.363271881031
50.5	0.00587412769194	-0.00496135216126	0.4394776527	0.362776835325
50.6	0.00681151119679	-0.00523193255917	0.440402191798	0.36327946809
50.7	0.00707089634316	-0.00554485469639	0.440971354241	0.362512470291
50.8	0.00707671183676	-0.00622450636272	0.441602036811	0.362744816094
50.9	0.00721930270535	-0.00611053191814	0.442251000468	0.362848437107
51.0	0.00760920131448	-0.00625298852534	0.442187921965	0.363133435265
51.1	0.00735128955359	-0.00635716531817	0.443121436474	0.362453593604
51.2	0.00695089675803	-0.00637523830195	0.442827104476	0.363137425268
51.3	0.00650239493467	-0.00575069399173	0.442758112715	0.363695856814
51.4	0.00631160914654	-0.00474596268323	0.442648608094	0.361874284279
51.5	0.00693727483464	-0.00372142383294	0.44283005967	0.361816917976
51.6	0.00652351589107	-0.00337585158956	0.443012756604	0.362367676024
51.7	0.00742067905403	-0.00294050448649	0.443491116686	0.362517959088
51.8	0.00729486758211	-0.0028615164362	0.443813139291	0.361937726154
51.9	0.00712765875335	-0.00402706474129	0.443217349728	0.361872217012
52.0	0.00736303564589	-0.00361002733677	0.444092490796	0.362408029686
52.1	0.00754842401421	-0.00412075985802	0.44439888866	0.36204293438
52.2	0.00822883758062	-0.00474373141147	0.444137678389	0.362356265488
52.3	0.00777458755248	-0.00455873072311	0.443944814712	0.361866886585
52.4	0.00800960715206	-0.0048084724253	0.444083222862	0.363188796495
52.5	0.00845688552873	-0.00539204316985	0.444497536515	0.362912836714
52.6	0.00869446079471	-0.00502033712048	0.445215761629	0.363852082806
52.7	0.00870037922953	-0.00510049261609	0.444966493137	0.363386428494
52.8	0.00928530538712	-0.00528601087017	0.445537263386	0.36304100012
52.9	0.0100486345981	-0.00565370192987	0.446198348949	0.362694375483
53.0	0.0103623533555	-0.00555872229716	0.445463269545	0.363728469418
53.1	0.00990333834817	-0.00482748918254	0.445766381012	0.363273313858
53.2	0.00950208542775	-0.00432494594183	0.44588095887	0.363573834945
53.3	0.00952784033138	-0.00367314745372	0.446423125564	0.363513415614
53.4	0.00951798246733	-0.00320210012976	0.447438568064	0.363161582576
53.5	0.00940980706815	-0.00287239087529	0.447925317227	0.363970993089
53.6	0.0105589095915	-0.00180781781517	0.448359376865	0.364189324883
53.7	0.0103238511805	-0.000913578673492	0.448054932094	0.364385801948
53.8	0.01064641153	-0.00112528520831	0.44800502222	0.364598673833
53.9	0.0103817007058	-0.00121894253919	0.447576539329	0.363331470118
54.0	0.00951814734855	-0.000987562286896	0.448363679107	0.364041095769
54.1	0.00975530381242	-0.000726235359256	0.44892070629	0.363898771371
54.2	0.00992758653473	-0.00101960284376	0.449776482069	0.364079433386
54.3	0.00967681954439	-0.00106703494894	0.450299234771	0.363592275831
54.4	0.00923378177985	-0.00101883043868	0.451689832134	0.364174567899
54.5	0.010181051805	-0.00141188044942	0.451720792636	0.365701080813
54.6	0.00970653880256	-0.00148560436685	0.451689291623	0.366511659553
54.7	0.0110236092845	-0.000726396717056	0.451817738579	0.36658838287
54.8	0.00983068282582	-0.00129138637792	0.450801642152	0.367368017365
54.9	0.0100438413878	-0.00153322588672	0.450247930848	0.36701094411
55.0	0.00968813875075	-0.000926279351553	0.450667936487	0.367960922437
55.1	0.0100142839732	-0.00092979900155	0.45040079561	0.369589227637
55.2	0.0105896382166	-0.000574497651056	0.451498244464	0.369959989643
55.3	0.0101587300184	-0.000283168429606	0.45134751339	0.371185900812
55.4	0.0101794347247	-6.45089807335e-05	0.451089402541	0.372855048627
55.5	0.0112094908926	0.000284925578832	0.451689246275	0.372686101167
55.6	0.0115844530355	0.000503003752054	0.451606125117	0.373388206213
55.7	0.010948867501	0.00107985417811	0.451778872644	0.373903538023
55.8	0.0104962297093	0.000320832904118	0.451143652745	0.373798494931
55.9	0.00953072556787	0.000192149502623	0.450541935789	0.37269319016
56.0	0.00910906981832	0.00104938009306	0.450757270024	0.373143745491
56.1	0.00907487676153	0.0017856466227	0.451499483106	0.373516298626
56.2	0.00912698943769	0.000858556139992	0.451620630654	0.373533057987
56.3	0.00918682635808	0.0014601114509	0.450781293655	0.373157250331
56.4	0.0091799328877	0.00123220491264	0.450375116599	0.373088792915
56.5	0.00975964251488	0.00130169822605	0.450992115544	0.373893452877
56.6	0.00908074678675	0.00128333578443	0.451189523729	0.374131526079
56.7	0.00901185157093	0.00134836106026	0.451797427068	0.374494710768
56.8	0.00991027078828	0.00146030778396	0.45140216998	0.375129116959
56.9	0.0100147657772	0.00112171884824	0.452122941152	0.374527969573
57.0	0.00970438443523	0.000893292561439	0.452257221696	0.374710549007
57.1	0.00967219163614	0.00105849633228	0.451834114543	0.374490874744
57.2	0.0102801924591	0.000475397545524	0.451595325349	0.376002435133
57.3	0.0108385340077	0.000977068506955	0.451013945553	0.374784360245
57.4	0.0110944648004	0.000980125997565	0.452132429555	0.37480217295
57.5	0.0109938043253	0.00169076164864	0.452522558175	0.375656352585
57.6	0.0106758711422	0.00237141888591	0.45342166747	0.375848665559
57.7	0.0109152558683	0.00271280714799	0.453207383663	0.377001895237
57.8	0.010595231307	0.00331903114657	0.453073925629	0.377525796392
57.9	0.0106060574541	0.00280064083446	0.453569756238	0.377379063262
58.0	0.0102812343086	0.00196554934694	0.452587700387	0.376500778585
58.1	0.00938352544632	0.00122683476463	0.450829922375	0.377719597633
58.2	0.00944509852526	0.000879549616121	0.451641019296	0.377674811275
58.3	0.00999586340712	0.00114112799394	0.451352759166	0.377710588828
58.4	0.0100098542145	0.000668704386406	0.451668647741	0.37775941915
58.5	0.010700265629	0.000246320555595	0.453616133229	0.377460874927
58.6	0.0106996424041	0.00104929906021	0.453552177618	0.377237223757
58.7	0.0108584105419	0.00109252889238	0.454346375726	0.377413072599
58.8	0.0110700510798	0.000672085259076	0.453928938516	0.377158630332
58.9	0.0114646613564	0.000384709283097	0.454191988663	0.377931476268
59.0	0.0120348888214	0.000143130833211	0.456095205235	0.378611177498
59.1	0.0120480455766	0.000319205346815	0.456425582905	0.378653236016
59.2	0.0126741605983	-0.000197106014591	0.456028158875	0.379522419725
59.3	0.0125116360051	-0.000487820347002	0.454780171964	0.380448703741
59.4	0.0133148400675	0.000232406157523	0.455329299273	0.380076395137
59.5	0.0131884858595	1.78579486764e-05	0.455455606232	0.379937795472
59.6	0.0141234045411	-0.000278382700036	0.455258201847	0.379183890915
59.7	0.0134902813842	-2.01971359017e-05	0.454173033484	0.379777320287
59.8	0.0132639866527	-7.44966627041e-05	0.45415706222	0.380632496374
59.9	0.0134832872634	-0.000362375708843	0.452791383501	0.379708418481
60.0	0.0132529766058	-0.000512433128302	0.454257628345	0.380694345328
60.1	0.0128731580341	-0.00161597031622	0.454184851823	0.379015654518
60.2	0.0132403331186	-0.00143362433943	0.454535024095	0.37929741051
60.3	0.0139493485811	-0.00074691496181	0.45426505198	0.379437759473
60.4	0.0130390872924	-0.00183216949534	0.454328266085	0.379871853919
60.5	0.0135085618463	-0.00225142019634	0.454146508816	0.380259239596
60.6	0.0142594735075	-0.00161305228717	0.453879621881	0.380472643862
60.7	0.0137979006146	-0.00115692409206	0.453952196493	0.380233176729
60.8	0.0139178777719	-0.000419868624793	0.454322842108	0.380161067809
60.9	0.013727284042	-0.000648637075624	0.455151484838	0.379541411247
61.0	0.0134789162612	-0.00081793499313	0.45527812446	0.379757220528
61.1	0.014038964736	-0.000590865217924	0.455390033001	0.379792927158
61.2	0.013231884774	7.98719791462e-05	0.456353899766	0.378781756872
61.3	0.0128875160556	0.000906641235492	0.456520217395	0.378082187687
61.4	0.0127193287325	0.000398841033104	0.457444473943	0.379177574131
61.5	0.0123682034936	-0.000491104864325	0.457353241913	0.378397306467
61.6	0.0125466500666	-0.000168955834577	0.456989180115	0.378257744903
61.7	0.0126097561555	-0.000311109876273	0.457694863054	0.378035535169
61.8	0.0120955839478	-0.000325900194072	0.45771046885	0.377453098224
61.9	0.0122521245863	0.000683956783322	0.458290793724	0.377007285712
62.0	0.0119486146613	0.000411220685554	0.459032682837	0.378364909215
62.1	0.0120960972243	0.000399033807993	0.458405362758	0.378184972531
62.2	0.0124741233734	-0.000145480935186	0.457974623262	0.378009291913
62.3	0.0126752799754	5.5729400893e-05	0.457371180906	0.378601823426
62.4	0.0126265038732	4.06738749506e-05	0.457610644376	0.379367613923
62.5	0.0125761216998	-0.000580640182656	0.458351289567	0.37907401765
62.6	0.012855857986	-0.000186451619435	0.4576345265	0.379494744101
62.7	0.0122641988137	0.000319223489419	0.457556941594	0.379365439426
62.8	0.0123156032766	-0.000383336722277	0.458244090021	0.379919163009
62.9	0.0127126274389	-0.000605183657959	0.459838074848	0.378929115573
63.0	0.0123796406266	-0.00102361690194	0.459739688227	0.377505620719
63.1	0.0124213046825	-0.000683569298698	0.460003678871	0.377769823805
63.2	0.0115186836971	-0.00070466856247	0.460033016857	0.377885853728
63.3	0.0109393240926	-0.000702681019451	0.460349191072	0.378349395545
63.4	0.0106077068382	-0.00100538224064	0.460156971281	0.378576190699
63.5	0.0103838562941	-0.000758053682016	0.459843673322	0.378785800437
63.6	0.00987503969644	-0.00115365292669	0.459656314135	0.37853652798
63.7	0.00995539890779	-0.000652367079327	0.460000341319	0.379283019192
63.8	0.0106264455991	0.000104665739926	0.45948371991	0.378790996122
63.9	0.00998207816708	0.000134845852851	0.458337389218	0.378588303157
64.0	0.0100674872364	0.000104473724571	0.457797342648	0.378071377926
64.1	0.0103221416243	-1.48155465145e-05	0.458945997782	0.378470494208
64.2	0.00973943302906	3.06450459479e-05	0.458221263352	0.377921789352
64.3	0.00969687736099	0.000198301369093	0.458471365248	0.377397054003
64.4	0.00972382658573	0.000380038540004	0.458222035113	0.377617412475
64.5	0.00976676896835	0.00121553272182	0.458151150338	0.377156335154
64.6	0.00949719257339	0.000537241288654	0.457647375647	0.376476538236
64.7	0.00942378079291	-0.000127714474599	0.458556621329	0.376540632901
64.8	0.00960578798506	0.000188409167852	0.458017309817	0.376762307084
64.9	0.00869643056143	0.000331866089847	0.45784358428	0.375883447475
65.0	0.0077495120245	0.000403485971626	0.458002362376	0.375334903099
65.1	0.00695068756787	-3.13673168819e-05	0.459430696826	0.374811508091
65.2	0.00736682065805	-0.000766157199046	0.45887302716	0.374100732743
65.3	0.0076262856467	-0.00111640339093	0.459901141058	0.37474888143
65.4	0.00712807472936	-0.000945948872846	0.459386520205	0.37477916209
65.5	0.0075322349439	-0.000699308369111	0.459678627846	0.373961852802
65.6	0.00771426648311	-0.00138208386953	0.460025389569	0.37400001443
65.7	0.00686036347048	-0.00192183341309	0.460378655202	0.373963901308
65.8	0.00752025454311	-0.00222663726232	0.460076808045	0.375036830179
65.9	0.00737980713626	-0.00145544013966	0.460616820625	0.375838322554
66.0	0.00703489098028	-0.00141170532909	0.460000733272	0.376410319532
66.1	0.0071878397144	-0.00210153117727	0.460091466158	0.37605717525
66.2	0.00642038728456	-0.0018902744885	0.461965209675	0.376444106964
66.3	0.00574754443188	-0.00209444584028	0.462958811317	0.377492851277
66.4	0.00546787666619	-0.000907937896662	0.461920255632	0.376670642203
66.5	0.00544014698366	-0.000256202181624	0.461900730737	0.376719483975
66.6	0.00521401348845	0.000203325006592	0.462309521063	0.377103653407
66.7	0.00583351656058	0.000585683348498	0.462700677357	0.377791533571
66.8	0.00633298872472	0.000459023089837	0.462953295385	0.377110409685
66.9	0.00598314527481	0.000920975453928	0.463196626119	0.378143849087
67.0	0.00608088744735	0.00113515953492	0.463171383148	0.378330149513
67.1	0.00572535848815	0.00173310426765	0.461941158249	0.378573704436
67.2	0.00572726519882	0.00218489667403	0.46151957312	0.37996730659
67.3	0.00518529459696	0.00255018731907	0.462957505238	0.381279316993
67.4	0.00628877249402	0.00256270564879	0.462187279844	0.380507149098
67.5	0.00669095664958	0.002510714861	0.462313095251	0.379986526697
67.6	0.00792225820678	0.00137396242904	0.462274733493	0.379518477129
67.7	0.00741870835026	0.00126277920876	0.46204065629	0.380133590127
67.8	0.00791108982708	0.00119252731601	0.461215602322	0.379295892929
67.9	0.00808561436214	0.00229106106036	0.460767844936	0.379753377925
68.0	0.00817953124511	0.0022131502586	0.460824464458	0.380225708232
68.1	0.00852562647381	0.00208132186499	0.462925051937	0.380264246453
68.2	0.00942894405569	0.00174360604986	0.463264465415	0.380982151081
68.3	0.00932520662347	0.00159439718382	0.461971353986	0.381417448898
68.4	0.00922323234316	0.00165721184982	0.462568810401	0.381457623049
68.5	0.00914365726007	0.000776822027389	0.462349707346	0.381597509134
68.6	0.0103399187065	0.00118555435045	0.463028364178	0.381185035311
68.7	0.0102854389267	0.0016589097464	0.463340496012	0.380783744382
68.8	0.00953692563495	0.00176307077528	0.463279779702	0.380520922228
68.9	0.0091343350039	0.00292589644699	0.464129890495	0.380506789328
69.0	0.00917003059063	0.00280134146151	0.464795293497	0.381880587725
69.1	0.00878387536059	0.00282255966989	0.46496225133	0.380354878183
69.2	0.00887113346399	0.00228371376642	0.46519961197	0.380491944403
69.3	0.00863931693704	0.00208850322011	0.465519616691	0.380373470214
69.4	0.00797001436546	0.00234241892533	0.46514628561	0.380576583057
69.5	0.0083508163079	0.00281918786342	0.4660297272	0.380639504602
69.6	0.00815845329503	0.00320470096872	0.467311828152	0.380492419228
69.7	0.00804926220848	0.00347046763214	0.466080400919	0.380296041065
69.8	0.00821984192925	0.00350518632581	0.465682188254	0.380998472113
69.9	0.00876576009235	0.00291723428483	0.46628135997	0.383344449762
70.0	0.00848293306325	0.0031212904992	0.4667025713	0.382226305562
70.1	0.00752434783832	0.00229983551386	0.466867879729	0.382144727761
70.2	0.00751292455372	0.0024427766849	0.46590670506	0.382670420975
70.3	0.00790272289583	0.00215171402435	0.46562555796	0.382721636861
70.4	0.00807307452074	0.00184943653171	0.465049662337	0.382858879236
70.5	0.00787200826553	0.00239239113186	0.465525634366	0.383089185367
70.6	0.00690724466262	0.00264224902532	0.465814993911	0.383654703508
70.7	0.00686349763157	0.0023315262803	0.465802506397	0.384024380894
70.8	0.00772276550973	0.00253525692057	0.46579273022	0.384644697344
70.9	0.00732966621745	0.00295444952705	0.464900251198	0.384065969495
71.0	0.00619700444215	0.00374590947238	0.464212378519	0.383837491519
71.1	0.0076633762397	0.00443855036346	0.464208825674	0.383875128375
71.2	0.00805500790795	0.00491585473142	0.462918192492	0.384120406979
71.3	0.00804625863915	0.00553017890667	0.463130341597	0.38336592085
71.4	0.00792625563776	0.00533188427865	0.463862661478	0.383093392013
71.5	0.00832489712459	0.00648897177147	0.464148265056	0.382996043133
71.6	0.00822040418365	0.0064428716101	0.464661557152	0.383541706377
71.7	0.00827374979344	0.00676347186795	0.464397726511	0.382957299114
71.8	0.00791960540708	0.00626650399268	0.463947590154	0.383364802452
71.9	0.00776057065432	0.00569831650047	0.464114158758	0.383528837467
72.0	0.00739097637299	0.00522113923487	0.46518924108	0.383373721402
72.1	0.00808041696795	0.00468472772429	0.464355590548	0.38381938026
72.2	0.00789392343071	0.00461979925582	0.465525330282	0.384674202709
72.3	0.00815191598661	0.00482804851966	0.465888079657	0.383710803329
72.4	0.00846321982089	0.00490543956611	0.466272628276	0.383805488586
72.5	0.00819796878782	0.0058439764777	0.466907447328	0.383421979905
72.6	0.00783682914325	0.00567040416622	0.467371125118	0.383637433065
72.7	0.00787930975458	0.00513381661506	0.467179610303	0.384535418375
72.8	0.00855912149293	0.0046735276899	0.467740926292	0.384507138221
72.9	0.00909232585212	0.00508978430357	0.467579716097	0.383124455073
73.0	0.00828072876258	0.00413883839859	0.467599088293	0.383845325931
73.1	0.0082131763876	0.00438192507386	0.468237605367	0.383711066049
73.2	0.00799831776427	0.00394648751589	0.468570420601	0.383589094431
73.3	0.00844574872188	0.00307953866695	0.467446340046	0.382968754892
73.4	0.00821822939989	0.00362924800827	0.467723961165	0.38254123579
73.5	0.00880973766908	0.00471689380004	0.467844608863	0.383432563
73.6	0.00821840973141	0.00477896484349	0.469559669947	0.38403208234
73.7	0.00833158112801	0.00426328767705	0.469858908695	0.383736283372
73.8	0.00806852596511	0.00393260274619	0.469976252721	0.382865483105
73.9	0.00771405615356	0.00392762960002	0.469805160645	0.383137115961
74.0	0.0081099313607	0.00366133068138	0.469366504711	0.383307939055
74.1	0.00801670969259	0.00426008593415	0.469899709748	0.384249050531
74.2	0.00850913662525	0.00463136200102	0.471321649718	0.384863211436
74.3	0.00812054522172	0.00452543451006	0.47196308385	0.385718023031
74.4	0.00722968991036	0.00466982567272	0.47224604942	0.387089519686
74.5	0.00775148170814	0.00496698814374	0.471959636002	0.386379114319
74.6	0.00731081888175	0.00447118516949	0.472204826925	0.386574342445
74.7	0.00684718334236	0.00441632078333	0.470958386698	0.385900045022
74.8	0.00583591275346	0.00475781261344	0.47163914124	0.385648823432
74.9	0.00619767601758	0.00500287363596	0.472174880258	0.384257887926
75.0	0.0060003186714	0.00521458764515	0.471639876227	0.384733879452
75.1	0.0068508944974	0.00537316404869	0.472008789711	0.385072785202
75.2	0.0064047293688	0.00610009744005	0.472167049903	0.385154406769
75.3	0.00632409168425	0.00666032428774	0.473334523837	0.38461708248
75.4	0.00568960475584	0.00684049524919	0.472523113381	0.383718203228
75.5	0.00549596892483	0.00662966367369	0.473249287694	0.384856729605
75.6	0.00482875717628	0.00622006685189	0.472727599186	0.38623263212
75.7	0.00600769644533	0.00576544262794	0.472487620627	0.385532429946
75.8	0.00603100332593	0.00524120094911	0.47212813438	0.385482469566
75.9	0.00588945806296	0.00500042181788	0.472265479292	0.384953656226
76.0	0.00475357639981	0.00613771071189	0.472505068616	0.384926885163
76.1	0.0042803684479	0.00531818688415	0.473268691432	0.385395062518
76.2	0.0043590977526	0.00590681861675	0.472808037589	0.386360314237
76.3	0.00434320983915	0.00620227304661	0.473565901549	0.385811864418
76.4	0.00470349514773	0.00646570063401	0.474197929982	0.386097466716
76.5	0.00481796468048	0.00646657874728	0.474409067023	0.387906357705
76.6	0.00446791881056	0.00664523935045	0.47333111017	0.388810196039
76.7	0.0061292336556	0.00525357843157	0.473172389552	0.388050564726
76.8	0.00618086416579	0.0056625918444	0.473105499974	0.388326615102
76.9	0.00596366275574	0.00540120843988	0.472238592566	0.388090795322
77.0	0.00681047311032	0.00517037457619	0.473393590435	0.388317658286
77.1	0.0079759288737	0.00537618440377	0.473239378412	0.389102198813
77.2	0.00825228139512	0.00569004201235	0.474147951652	0.387665819911
77.3	0.00823810698605	0.00488899203147	0.474594783227	0.387725122257
77.4	0.00952817446226	0.00522499390926	0.475177546749	0.388970695723
77.5	0.00970536679242	0.00528919284069	0.475111234592	0.388653581469
77.6	0.00885119330461	0.00507583768011	0.474298447512	0.388204501047
77.7	0.00833472620793	0.00527600319211	0.473726478846	0.388626422657
77.8	0.00903817411254	0.00507487203462	0.474374066589	0.388274356448
77.9	0.00934843249408	0.00547582342839	0.475104728956	0.38852933793
78.0	0.0103541334648	0.00572410225337	0.474998297043	0.387957788276
78.1	0.0109921963685	0.00602785047647	0.47453832847	0.388823770857
78.2	0.0101671714846	0.00607702960597	0.474790010259	0.388792724753
78.3	0.0104423671838	0.00666882800746	0.474821412204	0.388114372691
78.4	0.009919155455	0.00649188323791	0.475284651884	0.387551650378
78.5	0.00993860066621	0.00652501088945	0.475006030086	0.387655371671
78.6	0.00940588864553	0.00624494004677	0.474422400343	0.387084081054
78.7	0.00974359532343	0.00524678289102	0.47485014586	0.387289587399
78.8	0.00939515089291	0.00523262189538	0.474870942015	0.387513415491
78.9	0.00978767349835	0.00536625800844	0.474882353139	0.387002892395
79.0	0.00925324237925	0.00457675451075	0.475093837538	0.38598463729
79.1	0.00904702105099	0.00435007636689	0.474476109636	0.385932196602
79.2	0.00973111131419	0.00512076783394	0.475059996962	0.386582313132
79.3	0.0100032664275	0.00524044445134	0.476688272677	0.386422638167
79.4	0.0103310109591	0.00550851402285	0.47660144034	0.386673730232
79.5	0.010225749329	0.00509063409663	0.476387845005	0.386870879848
79.6	0.0103107346048	0.00548772162677	0.475847651925	0.385005443926
79.7	0.0108447566608	0.00534032742955	0.475363583781	0.384128372445
79.8	0.0110907556932	0.00476503100669	0.475057217746	0.383573275927
79.9	0.0111226679243	0.00478962742435	0.475024052715	0.384172001784
80.0	0.0116641887418	0.00548142837089	0.47454903149	0.384909715246
80.1	0.0120285024465	0.00532085591159	0.475369927829	0.384220893742
80.2	0.0119057438944	0.00493100071843	0.475740539252	0.38366558992
80.3	0.0117848492945	0.00465273718438	0.476904912356	0.383951923283
80.4	0.0116321567103	0.00448220943313	0.477616091065	0.384944614699
80.5	0.0117659746578	0.00421569810951	0.477941186892	0.385716554578
80.6	0.0124547409248	0.00418126750055	0.477641379537	0.386005226049
80.7	0.0123208736883	0.00425797273866	0.476641094348	0.386467767189
80.8	0.0120628303075	0.00400918139463	0.477218009398	0.386775936557
80.9	0.0122081892338	0.00337759525478	0.477418660987	0.387289274864
81.0	0.0118366023976	0.0027228848865	0.477984342469	0.387450369829
81.1	0.0118786077517	0.00269501055126	0.478593293467	0.387527552422
81.2	0.0124841312596	0.00227640697977	0.479467643266	0.388159713033
81.3	0.0127371337464	0.00318739574618	0.479435817558	0.387148396125
81.4	0.0125227674395	0.00407330253758	0.479522816822	0.386832117381
81.5	0.012675469225	0.00445401242569	0.479264305667	0.387550240577
81.6	0.0123084583685	0.00469577665803	0.479319357379	0.386135031042
81.7	0.012061411796	0.00451978273293	0.478693202476	0.385557694301
81.8	0.0120637949444	0.00439768971214	0.480186204239	0.38580912821
81.9	0.0119255647458	0.00471935519457	0.478239398357	0.385992796577
82.0	0.0120581082935	0.00539671169082	0.479468014849	0.385959169344
82.1	0.0116121517525	0.00522097701375	0.479963385342	0.385922579072
82.2	0.0123348494167	0.00425687129461	0.480192099695	0.385392974068
82.3	0.0117736988686	0.00455650011754	0.479891808826	0.385935518779
82.4	0.0116397492712	0.00424147146799	0.479410706099	0.38609548814
82.5	0.0110673797426	0.00463103763398	0.479161205241	0.386107547702
82.6	0.0111460102561	0.00479155748911	0.47880169091	0.385871747729
82.7	0.0106363747991	0.00539752276462	0.477210716573	0.386115474507
82.8	0.0105037405386	0.00555061072834	0.476939353757	0.386000713553
82.9	0.0100011880496	0.00461052583184	0.477903999791	0.386516056498
83.0	0.00946296490019	0.00456261663159	0.477923714776	0.386587412981
83.1	0.00925279333455	0.00457986244439	0.479727187935	0.387679382481
83.2	0.00904015509738	0.0047852920935	0.479550153751	0.387256105576
83.3	0.00974644302278	0.00546504565149	0.479476367381	0.387350902524
83.4	0.00952588418013	0.00590482834781	0.480277997179	0.387062118368
83.5	0.0100519259269	0.00653762224591	0.479653277108	0.386894696865
83.6	0.00988829579549	0.0062962972192	0.480774150658	0.386651720222
83.7	0.0097967578158	0.00721744713577	0.480704497536	0.386131668216
83.8	0.00931446092319	0.00716516218884	0.480169214783	0.386533773721
83.9	0.00937155539866	0.00713334165304	0.480154307514	0.387412779598
84.0	0.0092471747248	0.00739267964831	0.480355841189	0.387782201919
84.1	0.00904544140361	0.00768275071467	0.481367696247	0.388657878574
84.2	0.00987226891825	0.00798948578794	0.480894178468	0.388729753839
84.3	0.00990224937676	0.00806298877867	0.480719328802	0.389433784169
84.4	0.00941625160927	0.00794808255692	0.479635283891	0.389852308666
84.5	0.00959330165582	0.00814016287863	0.479322552207	0.388906495064
84.6	0.00905739945629	0.00828465131609	0.480157271425	0.39000323408
84.7	0.00928209562015	0.00867822086692	0.479647348038	0.390697722866
84.8	0.00863372834647	0.00850378682926	0.479356738128	0.390866782301
84.9	0.00813646808916	0.00890357113732	0.479126597009	0.391745772516
85.0	0.0082790605016	0.00870271689957	0.478517642113	0.391774804144
85.1	0.00792396980969	0.00906431072886	0.477677781885	0.391797513113
85.2	0.00754008701722	0.00895238779552	0.47831491782	0.391366376077
85.3	0.0084657612538	0.00862120838586	0.478966760775	0.391228353652
85.4	0.00749915036078	0.00890040365454	0.478665753874	0.391571990323
85.5	0.006685874213	0.00937540724937	0.477464366182	0.390647896997
85.6	0.00653158719746	0.00937663827798	0.477344505947	0.390284781243
85.7	0.00509194114574	0.0092403008415	0.476888438056	0.389760821257
85.8	0.00562914485847	0.0107560556867	0.47711097371	0.389110164072
85.9	0.00656886199629	0.0108048426135	0.477656040792	0.388907459816
86.0	0.00623564660407	0.0118581120595	0.477714350419	0.389250313293
86.1	0.00592119256221	0.0120251028199	0.478057097885	0.388649379913
86.2	0.00468079504921	0.0120882073347	0.477743560142	0.388392522274
86.3	0.0048037801911	0.0110536951107	0.477737636563	0.388804911434
86.4	0.00367923193734	0.0104677484157	0.477055701961	0.388767201325
86.5	0.00399745160755	0.0115172586322	0.477632295135	0.388924657706
86.6	0.00419076526073	0.0112309927465	0.478049826376	0.389781865859
86.7	0.003897040543	0.0117687414926	0.479325003528	0.390023651511
86.8	0.0037024617895	0.0120047480314	0.479139691357	0.389095702749
86.9	0.00409687735442	0.0114231686206	0.480599278603	0.38863936942
87.0	0.00401924497352	0.0120771053012	0.480855169884	0.387823076655
87.1	0.00347290494839	0.0124682765186	0.480831475796	0.386747949961
87.2	0.00375605693732	0.0129915503865	0.479550149376	0.386612504992
87.3	0.00423120342455	0.0133795090055	0.479276611445	0.386511348023
87.4	0.00362322904276	0.0131738143635	0.480716503984	0.386564717433
87.5	0.00317503686932	0.0125371630857	0.48144823225	0.386175891921
87.6	0.00268537289762	0.0120384613904	0.481028113343	0.386031013761
87.7	0.00287067945175	0.0105833693102	0.480615435355	0.385875791989
87.8	0.00331159926216	0.00954411763419	0.480609358972	0.386389199797
87.9	0.00351822983694	0.00927970355797	0.480687581449	0.386788724993
88.0	0.00297874991116	0.00916988181981	0.481001046231	0.38683428082
88.1	0.0029159313153	0.0102701767753	0.481327296979	0.386256677847
88.2	0.00354655252533	0.0102451498492	0.481357332828	0.386447480128
88.3	0.00295399808964	0.00925509177275	0.481201284582	0.387002210519
88.4	0.00254271767472	0.00940924407565	0.480943744077	0.38676912986
88.5	0.00339951124765	0.0100999188422	0.480722727369	0.38573949428
88.6	0.00371820066552	0.0103349831805	0.481345208998	0.384582876993
88.7	0.00323439907464	0.0101453556516	0.481193811295	0.383322415816
88.8	0.00433074101765	0.00941920408286	0.481377238735	0.382389206872
88.9	0.00478064558178	0.010013597598	0.479165586296	0.383079012849
89.0	0.00498931221415	0.00956961118607	0.480203221204	0.38245628499
89.1	0.00493607722132	0.00886528342365	0.480060114862	0.382623576238
89.2	0.00445930600321	0.00907881354585	0.480636592959	0.382118734401
89.3	0.00368154747252	0.00889862420376	0.481361244381	0.382701657083
89.4	0.00404816244073	0.00945866099284	0.481121897331	0.382498640266
89.5	0.00349502645168	0.00956982151572	0.481789327259	0.383341267512
89.6	0.00385683971619	0.00870698244685	0.483479578045	0.382827771987
89.7	0.00382110943699	0.00878249263447	0.483791738864	0.381386062905
89.8	0.00410719771793	0.00907777428067	0.482942342042	0.38032464694
89.9	0.00400387929503	0.00905395867476	0.483442296059	0.380207397689
90.0	0.00387549900995	0.00874623031083	0.483051940372	0.381030067814
90.1	0.00400287079389	0.00905909881231	0.483542944965	0.381162049622
90.2	0.00389603738	0.00936537638866	0.484247933799	0.382209529278
90.3	0.00436282762646	0.0101381679038	0.485298421974	0.381948296047
90.4	0.00421070336665	0.0110260196895	0.486104026133	0.381255174988
90.5	0.0035304398751	0.0107496819763	0.487139886211	0.380501191336
90.6	0.00397531646237	0.0112044004503	0.486940905776	0.380641214292
90.7	0.00360045787622	0.0117093943996	0.486436646847	0.379436038197
90.8	0.00383491266481	0.0122374570895	0.485829351763	0.379480672911
90.9	0.00352453688367	0.0121623089272	0.484726496194	0.380407881422
91.0	0.00414499726353	0.0120493874599	0.48480932238	0.379992141242
91.1	0.00439569748897	0.0113516881557	0.484227074708	0.379531755384
91.2	0.00415100742051	0.0106084742738	0.484504583166	0.378805517607
91.3	0.00335466231165	0.0107506598426	0.485480986023	0.378887548767
91.4	0.0031309152168	0.0102975102287	0.484826588201	0.377896626017
91.5	0.00345392946965	0.0107775396453	0.485183871727	0.377600451124
91.6	0.00310521427491	0.0110117558247	0.483979552371	0.37735132583
91.7	0.0027345290883	0.0100290435079	0.483390622402	0.377416545704
91.8	0.00250379507594	0.0100271652925	0.484312339461	0.379267490385
91.9	0.0021743528244	0.0102106781574	0.48485507784	0.378085074574
92.0	0.00164588433917	0.00972641268264	0.484984610215	0.377549055998
92.1	0.00146529882871	0.00958360064427	0.485250788615	0.377275763034
92.2	0.00182833611271	0.00926130104007	0.48508804162	0.377831492366
92.3	0.00121425134158	0.00906342897968	0.484509189976	0.377570919677
92.4	0.00209992408255	0.00818636355673	0.483860852029	0.377892498465
92.5	0.00290679245659	0.00875418316527	0.483846259721	0.377997668255
92.6	0.0031402503107	0.00928328431685	0.483696917227	0.377661030264
92.7	0.00372677435575	0.00950287805019	0.484680998389	0.377629575527
92.8	0.00353223984769	0.0100966554369	0.484709768526	0.377908187876
92.9	0.00384250100166	0.0090350489219	0.484369362626	0.378090870655
93.0	0.00359132916931	0.00901253763983	0.483607163923	0.378587584258
93.1	0.00315234939596	0.0079431333431	0.482996449845	0.378517880811
93.2	0.00323318527952	0.00772903018929	0.483750216657	0.379157753393
93.3	0.00431327979965	0.00738230696099	0.484794576106	0.378452613262
93.4	0.00436597303826	0.00719814079744	0.48477573251	0.377677996566
93.5	0.00367513298798	0.00676242316149	0.484392015918	0.377337428298
93.6	0.00381649049875	0.00752463082803	0.484791479758	0.378426765632
93.7	0.00403571770001	0.00725519554185	0.485821411207	0.378791087381
93.8	0.00365112785086	0.00689152533703	0.486617526896	0.378257088961
93.9	0.00381752051401	0.00739998534149	0.486411959236	0.377774453905
94.0	0.00388751314213	0.00792937480435	0.486432831804	0.377777898862
94.1	0.00400703064469	0.00770028183279	0.485482706531	0.377811600321
94.2	0.00341356402787	0.00691515237847	0.485694985918	0.379132690284
94.3	0.00335650588808	0.00618183453848	0.485550750449	0.378744434631
94.4	0.00272375349922	0.00579101625648	0.486702018581	0.37869708957
94.5	0.00245453216225	0.00566086580262	0.48614447678	0.378488778463
94.6	0.00236308607788	0.00587662219496	0.485883223913	0.37940776293
94.7	0.00225606026801	0.00696955249783	0.485830849635	0.379562670919
94.8	0.00240463882615	0.00756901259986	0.484660059287	0.380766054095
94.9	0.00243757708902	0.00705613715075	0.484467300305	0.381417061018
95.0	0.00204531862176	0.00651791083102	0.485053135908	0.382093038933
95.1	0.0019858688265	0.00695523571298	0.484201301497	0.381855438585
95.2	0.00143021957774	0.00599687295432	0.48343918071	0.382310643175
95.3	0.00208994465625	0.00633838832367	0.484253605574	0.382702178736
95.4	0.00197860049966	0.00624903337619	0.484029621043	0.382977533602
95.5	0.00240694102881	0.006705384199	0.48394081199	0.382715398006
95.6	0.00208814161826	0.00579574709926	0.482873560446	0.38198241977
95.7	0.0025592170416	0.00539960920192	0.482734466925	0.381860364786
95.8	0.00161395723082	0.00607977926021	0.483524755628	0.382013970912
95.9	0.000598030408695	0.00609192803387	0.483010425687	0.381266492893
96.0	0.000602394720954	0.00612932762534	0.483929365074	0.38174622115
96.1	0.000436836784673	0.00581803669725	0.484098798236	0.381889715049
96.2	0.000556607305029	0.00588398266593	0.483977394416	0.381293115489
96.3	-0.000526615355974	0.00519445756612	0.483834744995	0.381399302764
96.4	-0.000194063957303	0.0052257483424	0.483504176253	0.380101889388
96.5	-7.49036757052e-05	0.00570447530505	0.48412187513	0.380019176427
96.6	-1.25657241099e-05	0.00530229637119	0.483055373746	0.379317577512
96.7	-0.00050971472379	0.0050741716133	0.481434465734	0.379724032593
96.8	-0.000612910351699	0.00489127650682	0.480211206053	0.380177127726
96.9	-0.00057854124454	0.00607407757817	0.480415786531	0.380088872898
97.0	-0.000329982367593	0.00589317063792	0.480488811813	0.379327038047
97.1	0.000193018839998	0.00583665465269	0.480750569877	0.378387309944
97.2	-0.000526652178404	0.00482558963995	0.481340523044	0.379073804348
97.3	-0.000348163030042	0.00558150951461	0.482650484236	0.379829786473
97.4	-0.000559094046095	0.00472285742512	0.482962241933	0.379430898683
97.5	-0.000669965316158	0.00553150252942	0.482671192314	0.379013876895
97.6	-0.000862336701632	0.00629824959893	0.483468649122	0.378696800786
97.7	-0.00144114472399	0.00678378175968	0.484086161194	0.378090169738
97.8	-0.00148424528203	0.0061048322688	0.484462937181	0.377422016058
97.9	-0.00229481247472	0.00579640176109	0.483839465357	0.377280572748
98.0	-0.00312680638538	0.00607666808797	0.483077482781	0.376666802335
98.1	-0.00225574062938	0.0062744111186	0.484027677684	0.377612105675
98.2	-0.00221670592963	0.00621664860333	0.483387793185	0.377364698647
98.3	-0.00335727247809	0.00604185828616	0.483676350729	0.377772151833
98.4	-0.0035268720798	0.0063667954021	0.483039087678	0.377416309563
98.5	-0.0030788924577	0.00624770645785	0.481014512631	0.376919774195
98.6	-0.00246593924324	0.00713198959701	0.481426825016	0.375913678953
98.7	-0.00273360880512	0.00765015407133	0.482463238384	0.376327942256
98.8	-0.00208353079513	0.00703622869771	0.481394849829	0.375150198103
98.9	-0.00203426883315	0.00622491053124	0.482732988649	0.374829119314
99.0	-0.00200394097574	0.00589144755383	0.483162625518	0.374189338403
99.1	-0.00190826599793	0.00657032345841	0.483022100688	0.373713526578
99.2	-0.00250701673354	0.00653734731823	0.48194927183	0.373764925747
99.3	-0.00245086721791	0.00643401883464	0.481667198938	0.37403399648
99.4	-0.00244726534107	0.00648648045725	0.481345018368	0.374207685003
99.5	-0.00224830057094	0.00703467061099	0.48156797002	0.373609108067
99.6	-0.00278219375827	0.00682497102972	0.48199145433	0.373786376169
99.7	-0.00291572345662	0.00612813430974	0.481383821395	0.373735000936
99.8	-0.00335379024285	0.00636505895403	0.481026853298	0.37546858552
99.9	-0.00404752998142	0.0063556284079	0.480930611635	0.375971839241
